crossing time (s)	slope (V/s)	crossing number
281474976710655.000000	16.885803	8476	425666576384.000000
281474976710655.000000	15.069521	8477	425667624960.000000
281474976710655.000000	15.509239	8478	425668640768.000000
281474976710655.000000	16.720028	8479	425669722112.000000
281474976710655.000000	16.517307	8480	425670737920.000000
281474976710655.000000	15.612366	8481	425671819264.000000
281474976710655.000000	15.337526	8482	425672835072.000000
281474976710655.000000	16.018095	8483	425673883648.000000
281474976710655.000000	16.032087	8484	425674932224.000000
281474976710655.000000	15.337793	8485	425675980800.000000
281474976710655.000000	16.129917	8486	425676996608.000000
281474976710655.000000	15.575906	8487	425678077952.000000
281474976710655.000000	15.936395	8488	425679093760.000000
281474976710655.000000	16.224987	8489	425680142336.000000
281474976710655.000000	15.558109	8490	425681190912.000000
281474976710655.000000	15.632248	8491	425682239488.000000
281474976710655.000000	15.654489	8492	425683255296.000000
281474976710655.000000	16.040508	8493	425684336640.000000
281474976710655.000000	15.675792	8494	425685352448.000000
281474976710655.000000	15.913084	8495	425686433792.000000
281474976710655.000000	15.879899	8496	425687449600.000000
281474976710655.000000	15.425919	8497	425688498176.000000
281474976710655.000000	15.709785	8498	425689513984.000000
281474976710655.000000	16.268702	8499	425690595328.000000
281474976710655.000000	15.523434	8500	425691611136.000000
281474976710655.000000	15.623047	8501	425692692480.000000
281474976710655.000000	15.461078	8502	425693708288.000000
281474976710655.000000	15.997425	8503	425694756864.000000
281474976710655.000000	15.784882	8504	425695805440.000000
281474976710655.000000	15.119917	8505	425696854016.000000
281474976710655.000000	15.527185	8506	425697869824.000000
281474976710655.000000	15.832421	8507	425698951168.000000
281474976710655.000000	15.427499	8508	425699966976.000000
281474976710655.000000	15.601439	8509	425701048320.000000
281474976710655.000000	15.529973	8510	425702064128.000000
281474976710655.000000	15.331099	8511	425703112704.000000
281474976710655.000000	15.006475	8512	425704128512.000000
281474976710655.000000	15.380407	8513	425705209856.000000
281474976710655.000000	15.405190	8514	425706225664.000000
281474976710655.000000	14.980294	8515	425707307008.000000
281474976710655.000000	15.303623	8516	425708322816.000000
281474976710655.000000	15.116748	8517	425709371392.000000
281474976710655.000000	15.315159	8518	425710387200.000000
281474976710655.000000	15.021300	8519	425711468544.000000
281474976710655.000000	15.128529	8520	425712484352.000000
281474976710655.000000	14.875788	8521	425713565696.000000
281474976710655.000000	14.940558	8522	425714581504.000000
281474976710655.000000	15.250166	8523	425715630080.000000
281474976710655.000000	15.301383	8524	425716678656.000000
281474976710655.000000	15.286977	8525	425717727232.000000
281474976710655.000000	15.004269	8526	425718743040.000000
281474976710655.000000	15.508327	8527	425719824384.000000
281474976710655.000000	14.787632	8528	425720840192.000000
281474976710655.000000	15.433967	8529	425721888768.000000
281474976710655.000000	14.951376	8530	425722937344.000000
281474976710655.000000	14.873429	8531	425723985920.000000
281474976710655.000000	15.363955	8532	425725001728.000000
281474976710655.000000	15.063261	8533	425726083072.000000
281474976710655.000000	14.741885	8534	425727098880.000000
281474976710655.000000	15.060078	8535	425728180224.000000
281474976710655.000000	15.168034	8536	425729196032.000000
281474976710655.000000	14.619575	8537	425730244608.000000
281474976710655.000000	14.600021	8538	425731260416.000000
281474976710655.000000	14.466928	8539	425732341760.000000
281474976710655.000000	14.769960	8540	425733357568.000000
281474976710655.000000	14.534066	8541	425734438912.000000
281474976710655.000000	14.892719	8542	425735454720.000000
281474976710655.000000	14.600790	8543	425736503296.000000
281474976710655.000000	14.183527	8544	425737551872.000000
281474976710655.000000	14.239472	8545	425738600448.000000
281474976710655.000000	14.335978	8546	425739616256.000000
281474976710655.000000	14.707682	8547	425740697600.000000
281474976710655.000000	14.029820	8548	425741713408.000000
281474976710655.000000	14.833490	8549	425742794752.000000
281474976710655.000000	14.441598	8550	425743810560.000000
281474976710655.000000	14.275084	8551	425744859136.000000
281474976710655.000000	14.039871	8552	425745874944.000000
281474976710655.000000	14.393163	8553	425746956288.000000
281474976710655.000000	14.628713	8554	425747972096.000000
281474976710655.000000	14.199257	8555	425749053440.000000
281474976710655.000000	14.015971	8556	425750069248.000000
281474976710655.000000	14.595858	8557	425751117824.000000
281474976710655.000000	14.201432	8558	425752133632.000000
281474976710655.000000	14.344082	8559	425753214976.000000
281474976710655.000000	14.376634	8560	425754230784.000000
281474976710655.000000	14.014421	8561	425755312128.000000
281474976710655.000000	14.896108	8562	425756327936.000000
281474976710655.000000	14.454968	8563	425757376512.000000
281474976710655.000000	14.267743	8564	425758392320.000000
281474976710655.000000	14.829436	8565	425759473664.000000
281474976710655.000000	14.037539	8566	425760489472.000000
281474976710655.000000	14.198463	8567	425761570816.000000
281474976710655.000000	13.890924	8568	425762586624.000000
281474976710655.000000	13.903041	8569	425763667968.000000
281474976710655.000000	13.881917	8570	425764651008.000000
281474976710655.000000	14.045394	8571	425765732352.000000
281474976710655.000000	14.724839	8572	425766748160.000000
281474976710655.000000	14.139899	8573	425767829504.000000
281474976710655.000000	13.775542	8574	425768845312.000000
281474976710655.000000	14.134379	8575	425769926656.000000
281474976710655.000000	14.256351	8576	425770942464.000000
281474976710655.000000	13.830339	8577	425771991040.000000
281474976710655.000000	14.165733	8578	425773006848.000000
281474976710655.000000	14.078498	8579	425774088192.000000
281474976710655.000000	13.970880	8580	425775104000.000000
281474976710655.000000	13.976745	8581	425776185344.000000
281474976710655.000000	14.053289	8582	425777201152.000000
281474976710655.000000	14.030787	8583	425778249728.000000
281474976710655.000000	13.953474	8584	425779265536.000000
281474976710655.000000	13.625595	8585	425780346880.000000
281474976710655.000000	13.453497	8586	425781362688.000000
281474976710655.000000	13.529307	8587	425782444032.000000
281474976710655.000000	13.725005	8588	425783459840.000000
281474976710655.000000	14.344348	8589	425784541184.000000
281474976710655.000000	14.239384	8590	425785524224.000000
281474976710655.000000	13.566284	8591	425786605568.000000
281474976710655.000000	13.574603	8592	425787621376.000000
281474976710655.000000	13.987875	8593	425788702720.000000
281474976710655.000000	13.480982	8594	425789718528.000000
281474976710655.000000	13.626668	8595	425790767104.000000
281474976710655.000000	13.270207	8596	425791815680.000000
281474976710655.000000	13.649269	8597	425792864256.000000
281474976710655.000000	14.050739	8598	425793880064.000000
281474976710655.000000	13.453550	8599	425794961408.000000
281474976710655.000000	13.485464	8600	425795977216.000000
281474976710655.000000	13.510653	8601	425797058560.000000
281474976710655.000000	13.745069	8602	425798074368.000000
281474976710655.000000	13.602118	8603	425799122944.000000
281474976710655.000000	13.331063	8604	425800138752.000000
281474976710655.000000	13.819996	8605	425801220096.000000
