crossing time (s)	slope (V/s)	crossing number
281474976710655.000000	15.441630	7244	424371290112.000000
281474976710655.000000	15.176572	7245	424372371456.000000
281474976710655.000000	16.037067	7246	424373387264.000000
281474976710655.000000	16.340189	7247	424374435840.000000
281474976710655.000000	16.291374	7248	424375451648.000000
281474976710655.000000	14.758947	7249	424376532992.000000
281474976710655.000000	14.211130	7250	424377548800.000000
281474976710655.000000	16.276239	7251	424378630144.000000
281474976710655.000000	15.712901	7252	424379645952.000000
281474976710655.000000	14.665574	7253	424380694528.000000
281474976710655.000000	15.131173	7254	424381743104.000000
281474976710655.000000	14.785211	7255	424382791680.000000
281474976710655.000000	15.736390	7256	424383807488.000000
281474976710655.000000	15.554848	7257	424384888832.000000
281474976710655.000000	15.592063	7258	424385904640.000000
281474976710655.000000	14.835184	7259	424386953216.000000
281474976710655.000000	15.452413	7260	424388001792.000000
281474976710655.000000	15.605385	7261	424389050368.000000
281474976710655.000000	15.828904	7262	424390066176.000000
281474976710655.000000	14.642201	7263	424391147520.000000
281474976710655.000000	14.304522	7264	424392163328.000000
281474976710655.000000	15.616382	7265	424393244672.000000
281474976710655.000000	15.238210	7266	424394260480.000000
281474976710655.000000	14.657807	7267	424395309056.000000
281474976710655.000000	14.500176	7268	424396324864.000000
281474976710655.000000	15.162876	7269	424397406208.000000
281474976710655.000000	14.805099	7270	424398422016.000000
281474976710655.000000	15.535143	7271	424399503360.000000
281474976710655.000000	14.915019	7272	424400519168.000000
281474976710655.000000	14.621346	7273	424401567744.000000
281474976710655.000000	14.620489	7274	424402616320.000000
281474976710655.000000	15.308558	7275	424403664896.000000
281474976710655.000000	15.041821	7276	424404680704.000000
281474976710655.000000	14.562556	7277	424405762048.000000
281474976710655.000000	14.693378	7278	424406777856.000000
281474976710655.000000	14.919683	7279	424407826432.000000
281474976710655.000000	15.439649	7280	424408875008.000000
281474976710655.000000	14.836883	7281	424409923584.000000
281474976710655.000000	14.760939	7282	424410939392.000000
281474976710655.000000	14.859586	7283	424412020736.000000
281474976710655.000000	14.626941	7284	424413036544.000000
281474976710655.000000	15.096230	7285	424414117888.000000
281474976710655.000000	15.020769	7286	424415133696.000000
281474976710655.000000	14.801838	7287	424416182272.000000
281474976710655.000000	14.103637	7288	424417198080.000000
281474976710655.000000	14.884227	7289	424418279424.000000
281474976710655.000000	14.352896	7290	424419295232.000000
281474976710655.000000	14.314537	7291	424420376576.000000
281474976710655.000000	14.882960	7292	424421392384.000000
281474976710655.000000	14.403174	7293	424422440960.000000
281474976710655.000000	14.690431	7294	424423456768.000000
281474976710655.000000	14.884739	7295	424424538112.000000
281474976710655.000000	13.950173	7296	424425553920.000000
281474976710655.000000	14.926501	7297	424426635264.000000
281474976710655.000000	14.494370	7298	424427651072.000000
281474976710655.000000	14.597244	7299	424428699648.000000
281474976710655.000000	14.353374	7300	424429748224.000000
281474976710655.000000	14.261188	7301	424430796800.000000
281474976710655.000000	13.995550	7302	424431812608.000000
281474976710655.000000	14.612849	7303	424432893952.000000
281474976710655.000000	14.741520	7304	424433909760.000000
281474976710655.000000	14.002033	7305	424434991104.000000
281474976710655.000000	13.881745	7306	424436006912.000000
281474976710655.000000	14.354162	7307	424437055488.000000
281474976710655.000000	14.777660	7308	424438071296.000000
281474976710655.000000	14.209477	7309	424439152640.000000
281474976710655.000000	13.818296	7310	424440168448.000000
281474976710655.000000	13.846401	7311	424441249792.000000
281474976710655.000000	14.312579	7312	424442265600.000000
281474976710655.000000	13.830815	7313	424443314176.000000
281474976710655.000000	14.122670	7314	424444362752.000000
281474976710655.000000	14.533391	7315	424445411328.000000
281474976710655.000000	14.215343	7316	424446427136.000000
281474976710655.000000	13.945342	7317	424447508480.000000
281474976710655.000000	14.468819	7318	424448524288.000000
281474976710655.000000	13.843823	7319	424449572864.000000
281474976710655.000000	14.314706	7320	424450621440.000000
281474976710655.000000	13.967843	7321	424451670016.000000
281474976710655.000000	14.522298	7322	424452685824.000000
281474976710655.000000	13.575307	7323	424453767168.000000
281474976710655.000000	14.479706	7324	424454782976.000000
281474976710655.000000	14.064937	7325	424455831552.000000
281474976710655.000000	13.803824	7326	424456880128.000000
281474976710655.000000	13.747591	7327	424457928704.000000
281474976710655.000000	14.427974	7328	424458944512.000000
281474976710655.000000	13.447001	7329	424460025856.000000
281474976710655.000000	13.789221	7330	424461041664.000000
281474976710655.000000	13.882864	7331	424462123008.000000
281474976710655.000000	13.890346	7332	424463138816.000000
281474976710655.000000	13.433751	7333	424464187392.000000
281474976710655.000000	14.124312	7334	424465235968.000000
281474976710655.000000	13.724652	7335	424466284544.000000
281474976710655.000000	13.733919	7336	424467300352.000000
281474976710655.000000	13.678066	7337	424468381696.000000
281474976710655.000000	13.912636	7338	424469397504.000000
281474976710655.000000	13.937463	7339	424470446080.000000
281474976710655.000000	13.869232	7340	424471494656.000000
281474976710655.000000	13.657059	7341	424472543232.000000
281474976710655.000000	13.873063	7342	424473559040.000000
281474976710655.000000	13.370981	7343	424474640384.000000
281474976710655.000000	13.432078	7344	424475656192.000000
281474976710655.000000	13.375853	7345	424476737536.000000
281474976710655.000000	13.180389	7346	424477753344.000000
281474976710655.000000	13.422846	7347	424478801920.000000
281474976710655.000000	13.340848	7348	424479817728.000000
281474976710655.000000	13.343441	7349	424480899072.000000
281474976710655.000000	13.250299	7350	424481914880.000000
281474976710655.000000	13.558288	7351	424482996224.000000
281474976710655.000000	13.476130	7352	424484012032.000000
281474976710655.000000	13.387802	7353	424485060608.000000
281474976710655.000000	13.269193	7354	424486076416.000000
281474976710655.000000	13.456581	7355	424487157760.000000
281474976710655.000000	13.597084	7356	424488173568.000000
281474976710655.000000	13.171439	7357	424489254912.000000
281474976710655.000000	13.019031	7358	424490270720.000000
281474976710655.000000	12.995407	7359	424491319296.000000
281474976710655.000000	13.331737	7360	424492335104.000000
281474976710655.000000	13.112048	7361	424493416448.000000
281474976710655.000000	13.388868	7362	424494432256.000000
281474976710655.000000	12.994547	7363	424495513600.000000
281474976710655.000000	13.097694	7364	424496529408.000000
281474976710655.000000	13.228374	7365	424497577984.000000
281474976710655.000000	13.394620	7366	424498626560.000000
281474976710655.000000	13.476724	7367	424499675136.000000
281474976710655.000000	13.020267	7368	424500690944.000000
281474976710655.000000	13.029954	7369	424501772288.000000
281474976710655.000000	13.078245	7370	424502788096.000000
281474976710655.000000	12.961292	7371	424503869440.000000
281474976710655.000000	13.289788	7372	424504885248.000000
281474976710655.000000	12.985899	7373	424505933824.000000
281474976710655.000000	13.093368	7374	424506949632.000000
281474976710655.000000	12.940995	7375	424508030976.000000
281474976710655.000000	13.147862	7376	424509046784.000000
281474976710655.000000	12.912713	7377	424510128128.000000
