crossing time (s)	slope (V/s)	crossing number
281474976710655.000000	17.134592	4707	421694930944.000000
281474976710655.000000	17.376106	4708	421695946752.000000
281474976710655.000000	16.329750	4709	421697028096.000000
281474976710655.000000	16.574469	4710	421698043904.000000
281474976710655.000000	16.671671	4711	421699092480.000000
281474976710655.000000	16.913641	4712	421700108288.000000
281474976710655.000000	16.990374	4713	421701189632.000000
281474976710655.000000	16.954298	4714	421702205440.000000
281474976710655.000000	17.008879	4715	421703286784.000000
281474976710655.000000	16.501005	4716	421704302592.000000
281474976710655.000000	16.278181	4717	421705351168.000000
281474976710655.000000	16.922424	4718	421706399744.000000
281474976710655.000000	16.491327	4719	421707448320.000000
281474976710655.000000	16.604364	4720	421708464128.000000
281474976710655.000000	16.642763	4721	421709545472.000000
281474976710655.000000	17.215761	4722	421710561280.000000
281474976710655.000000	15.994461	4723	421711642624.000000
281474976710655.000000	16.399719	4724	421712658432.000000
281474976710655.000000	16.561590	4725	421713707008.000000
281474976710655.000000	16.939997	4726	421714722816.000000
281474976710655.000000	16.454033	4727	421715804160.000000
281474976710655.000000	16.844589	4728	421716819968.000000
281474976710655.000000	16.586201	4729	421717901312.000000
281474976710655.000000	16.697075	4730	421718917120.000000
281474976710655.000000	16.328709	4731	421719998464.000000
281474976710655.000000	16.643070	4732	421720981504.000000
281474976710655.000000	16.457975	4733	421722062848.000000
281474976710655.000000	16.025595	4734	421723078656.000000
281474976710655.000000	15.825051	4735	421724160000.000000
281474976710655.000000	16.401493	4736	421725175808.000000
281474976710655.000000	16.070854	4737	421726257152.000000
281474976710655.000000	15.568075	4738	421727240192.000000
281474976710655.000000	16.880960	4739	421728321536.000000
281474976710655.000000	16.159409	4740	421729337344.000000
281474976710655.000000	15.830431	4741	421730418688.000000
281474976710655.000000	15.862770	4742	421731434496.000000
281474976710655.000000	16.769981	4743	421732515840.000000
281474976710655.000000	15.835021	4744	421733531648.000000
281474976710655.000000	16.571394	4745	421734580224.000000
281474976710655.000000	16.755156	4746	421735596032.000000
281474976710655.000000	16.007236	4747	421736677376.000000
281474976710655.000000	16.247654	4748	421737693184.000000
281474976710655.000000	15.659722	4749	421738774528.000000
281474976710655.000000	15.803922	4750	421739790336.000000
281474976710655.000000	15.456817	4751	421740871680.000000
281474976710655.000000	16.028179	4752	421741854720.000000
281474976710655.000000	15.986823	4753	421742936064.000000
281474976710655.000000	15.658587	4754	421743951872.000000
281474976710655.000000	15.891043	4755	421745033216.000000
281474976710655.000000	16.128704	4756	421746049024.000000
281474976710655.000000	15.657577	4757	421747130368.000000
281474976710655.000000	16.124357	4758	421748146176.000000
281474976710655.000000	16.105915	4759	421749194752.000000
281474976710655.000000	15.674126	4760	421750210560.000000
281474976710655.000000	15.867678	4761	421751291904.000000
281474976710655.000000	15.685015	4762	421752307712.000000
281474976710655.000000	15.453120	4763	421753389056.000000
281474976710655.000000	15.773097	4764	421754404864.000000
281474976710655.000000	16.229128	4765	421755486208.000000
281474976710655.000000	15.737722	4766	421756469248.000000
281474976710655.000000	15.082377	4767	421757550592.000000
281474976710655.000000	15.517446	4768	421758566400.000000
281474976710655.000000	15.776133	4769	421759647744.000000
281474976710655.000000	15.022309	4770	421760663552.000000
281474976710655.000000	15.578159	4771	421761744896.000000
281474976710655.000000	15.920820	4772	421762727936.000000
281474976710655.000000	15.702836	4773	421763809280.000000
281474976710655.000000	15.577168	4774	421764825088.000000
281474976710655.000000	15.267046	4775	421765906432.000000
281474976710655.000000	15.835302	4776	421766922240.000000
281474976710655.000000	15.829619	4777	421768003584.000000
281474976710655.000000	15.431563	4778	421768986624.000000
281474976710655.000000	15.407743	4779	421770067968.000000
281474976710655.000000	15.743847	4780	421771083776.000000
281474976710655.000000	15.214170	4781	421772165120.000000
281474976710655.000000	15.718808	4782	421773180928.000000
281474976710655.000000	14.964342	4783	421774262272.000000
281474976710655.000000	15.349309	4784	421775278080.000000
281474976710655.000000	15.105155	4785	421776359424.000000
281474976710655.000000	15.595251	4786	421777342464.000000
281474976710655.000000	15.493681	4787	421778423808.000000
281474976710655.000000	15.620887	4788	421779439616.000000
281474976710655.000000	15.766945	4789	421780520960.000000
281474976710655.000000	15.395863	4790	421781536768.000000
281474976710655.000000	14.779160	4791	421782618112.000000
281474976710655.000000	14.757062	4792	421783601152.000000
281474976710655.000000	15.327423	4793	421784682496.000000
281474976710655.000000	15.021015	4794	421785698304.000000
281474976710655.000000	14.632557	4795	421786779648.000000
281474976710655.000000	15.275231	4796	421787795456.000000
281474976710655.000000	15.029459	4797	421788876800.000000
281474976710655.000000	15.601073	4798	421789892608.000000
281474976710655.000000	15.009005	4799	421790941184.000000
281474976710655.000000	14.742562	4800	421791956992.000000
281474976710655.000000	14.668115	4801	421793038336.000000
281474976710655.000000	14.797983	4802	421794054144.000000
281474976710655.000000	14.554750	4803	421795135488.000000
281474976710655.000000	15.414940	4804	421796151296.000000
281474976710655.000000	14.557284	4805	421797232640.000000
281474976710655.000000	15.251709	4806	421798215680.000000
281474976710655.000000	14.602241	4807	421799297024.000000
281474976710655.000000	14.718738	4808	421800312832.000000
281474976710655.000000	14.548453	4809	421801394176.000000
281474976710655.000000	14.577237	4810	421802409984.000000
281474976710655.000000	14.218544	4811	421803491328.000000
281474976710655.000000	14.812743	4812	421804474368.000000
281474976710655.000000	14.501829	4813	421805555712.000000
281474976710655.000000	15.172707	4814	421806571520.000000
281474976710655.000000	14.900192	4815	421807652864.000000
281474976710655.000000	15.150090	4816	421808668672.000000
281474976710655.000000	14.625702	4817	421809750016.000000
281474976710655.000000	15.120760	4818	421810765824.000000
281474976710655.000000	14.692426	4819	421811814400.000000
281474976710655.000000	14.745645	4820	421812830208.000000
281474976710655.000000	14.180943	4821	421813911552.000000
281474976710655.000000	14.483115	4822	421814927360.000000
281474976710655.000000	14.546021	4823	421816008704.000000
281474976710655.000000	14.424043	4824	421817024512.000000
281474976710655.000000	14.491250	4825	421818073088.000000
281474976710655.000000	14.776573	4826	421819088896.000000
281474976710655.000000	14.451229	4827	421820170240.000000
281474976710655.000000	14.721786	4828	421821186048.000000
281474976710655.000000	14.058969	4829	421822267392.000000
281474976710655.000000	14.571628	4830	421823283200.000000
281474976710655.000000	15.168612	4831	421824364544.000000
281474976710655.000000	14.222850	4832	421825347584.000000
281474976710655.000000	14.507297	4833	421826428928.000000
281474976710655.000000	14.523270	4834	421827444736.000000
281474976710655.000000	14.311784	4835	421828526080.000000
281474976710655.000000	14.101988	4836	421829541888.000000
