crossing time (s)	slope (V/s)	crossing number
281474976710655.000000	16.230253	5059	422070353920.000000
281474976710655.000000	16.502485	5060	422071369728.000000
281474976710655.000000	16.945448	5061	422072451072.000000
281474976710655.000000	16.313839	5062	422073466880.000000
281474976710655.000000	16.089344	5063	422074515456.000000
281474976710655.000000	16.325264	5064	422075531264.000000
281474976710655.000000	16.949955	5065	422076612608.000000
281474976710655.000000	16.259138	5066	422077628416.000000
281474976710655.000000	15.605019	5067	422078709760.000000
281474976710655.000000	16.510752	5068	422079725568.000000
281474976710655.000000	15.380561	5069	422080806912.000000
281474976710655.000000	15.500991	5070	422081789952.000000
281474976710655.000000	16.557806	5071	422082871296.000000
281474976710655.000000	16.546328	5072	422083887104.000000
281474976710655.000000	15.869465	5073	422084968448.000000
281474976710655.000000	16.261284	5074	422085984256.000000
281474976710655.000000	15.667477	5075	422087065600.000000
281474976710655.000000	16.300650	5076	422088081408.000000
281474976710655.000000	15.988457	5077	422089129984.000000
281474976710655.000000	15.857899	5078	422090145792.000000
281474976710655.000000	15.783337	5079	422091227136.000000
281474976710655.000000	16.208082	5080	422092242944.000000
281474976710655.000000	15.480887	5081	422093324288.000000
281474976710655.000000	16.154026	5082	422094340096.000000
281474976710655.000000	15.374761	5083	422095421440.000000
281474976710655.000000	15.878519	5084	422096404480.000000
281474976710655.000000	15.537697	5085	422097485824.000000
281474976710655.000000	15.833778	5086	422098501632.000000
281474976710655.000000	15.557939	5087	422099582976.000000
281474976710655.000000	15.400062	5088	422100598784.000000
281474976710655.000000	15.449338	5089	422101680128.000000
281474976710655.000000	15.504762	5090	422102663168.000000
281474976710655.000000	16.068624	5091	422103744512.000000
281474976710655.000000	15.864187	5092	422104760320.000000
281474976710655.000000	15.364441	5093	422105841664.000000
281474976710655.000000	15.527312	5094	422106857472.000000
281474976710655.000000	15.348017	5095	422107938816.000000
281474976710655.000000	15.989759	5096	422108954624.000000
281474976710655.000000	15.402888	5097	422110003200.000000
281474976710655.000000	15.349505	5098	422111019008.000000
281474976710655.000000	15.462797	5099	422112100352.000000
281474976710655.000000	15.561599	5100	422113116160.000000
281474976710655.000000	15.194404	5101	422114197504.000000
281474976710655.000000	15.451507	5102	422115213312.000000
281474976710655.000000	15.797175	5103	422116261888.000000
281474976710655.000000	15.254409	5104	422117277696.000000
281474976710655.000000	15.385487	5105	422118359040.000000
281474976710655.000000	15.478655	5106	422119374848.000000
281474976710655.000000	15.302209	5107	422120456192.000000
281474976710655.000000	14.958673	5108	422121472000.000000
281474976710655.000000	15.534667	5109	422122553344.000000
281474976710655.000000	15.138030	5110	422123569152.000000
281474976710655.000000	15.306783	5111	422124617728.000000
281474976710655.000000	15.728124	5112	422125633536.000000
281474976710655.000000	15.478814	5113	422126714880.000000
281474976710655.000000	15.226748	5114	422127730688.000000
281474976710655.000000	15.724465	5115	422128812032.000000
281474976710655.000000	15.518337	5116	422129827840.000000
281474976710655.000000	14.856706	5117	422130876416.000000
281474976710655.000000	15.576850	5118	422131892224.000000
281474976710655.000000	14.926482	5119	422132973568.000000
281474976710655.000000	15.692717	5120	422133989376.000000
281474976710655.000000	14.956789	5121	422135070720.000000
281474976710655.000000	15.767732	5122	422136086528.000000
281474976710655.000000	14.804141	5123	422137135104.000000
281474976710655.000000	14.879587	5124	422138183680.000000
281474976710655.000000	15.029530	5125	422139232256.000000
281474976710655.000000	15.238537	5126	422140248064.000000
281474976710655.000000	14.547882	5127	422141329408.000000
281474976710655.000000	15.227797	5128	422142345216.000000
281474976710655.000000	14.633958	5129	422143426560.000000
281474976710655.000000	14.707871	5130	422144442368.000000
281474976710655.000000	14.613116	5131	422145490944.000000
281474976710655.000000	15.320149	5132	422146506752.000000
281474976710655.000000	14.519676	5133	422147588096.000000
281474976710655.000000	14.803417	5134	422148603904.000000
281474976710655.000000	15.228870	5135	422149685248.000000
281474976710655.000000	14.670381	5136	422150701056.000000
281474976710655.000000	14.768713	5137	422151749632.000000
281474976710655.000000	14.543951	5138	422152765440.000000
281474976710655.000000	14.705747	5139	422153846784.000000
281474976710655.000000	14.419142	5140	422154862592.000000
281474976710655.000000	14.845686	5141	422155943936.000000
281474976710655.000000	14.982298	5142	422156959744.000000
281474976710655.000000	14.449372	5143	422158041088.000000
281474976710655.000000	14.425414	5144	422159024128.000000
281474976710655.000000	14.698619	5145	422160105472.000000
281474976710655.000000	14.706892	5146	422161121280.000000
281474976710655.000000	14.341229	5147	422162202624.000000
281474976710655.000000	14.743807	5148	422163218432.000000
281474976710655.000000	14.434077	5149	422164299776.000000
281474976710655.000000	14.949331	5150	422165282816.000000
281474976710655.000000	14.464712	5151	422166364160.000000
281474976710655.000000	14.234793	5152	422167379968.000000
281474976710655.000000	14.521432	5153	422168461312.000000
281474976710655.000000	14.682942	5154	422169477120.000000
281474976710655.000000	14.096317	5155	422170558464.000000
281474976710655.000000	14.228825	5156	422171574272.000000
281474976710655.000000	14.135176	5157	422172622848.000000
281474976710655.000000	14.265324	5158	422173638656.000000
281474976710655.000000	14.357516	5159	422174720000.000000
281474976710655.000000	14.247656	5160	422175735808.000000
281474976710655.000000	14.481633	5161	422176817152.000000
281474976710655.000000	14.325580	5162	422177832960.000000
281474976710655.000000	14.136320	5163	422178881536.000000
281474976710655.000000	14.194178	5164	422179897344.000000
281474976710655.000000	14.048556	5165	422180978688.000000
281474976710655.000000	14.275448	5166	422181994496.000000
281474976710655.000000	14.363595	5167	422183075840.000000
281474976710655.000000	14.104733	5168	422184091648.000000
281474976710655.000000	13.832648	5169	422185172992.000000
281474976710655.000000	14.139105	5170	422186188800.000000
281474976710655.000000	14.240207	5171	422187237376.000000
281474976710655.000000	14.318312	5172	422188253184.000000
281474976710655.000000	13.944736	5173	422189334528.000000
281474976710655.000000	14.209044	5174	422190350336.000000
281474976710655.000000	14.477251	5175	422191431680.000000
281474976710655.000000	14.077287	5176	422192447488.000000
281474976710655.000000	14.207897	5177	422193496064.000000
281474976710655.000000	14.506311	5178	422194511872.000000
281474976710655.000000	14.037943	5179	422195593216.000000
281474976710655.000000	14.346712	5180	422196609024.000000
281474976710655.000000	13.864381	5181	422197690368.000000
281474976710655.000000	13.481254	5182	422198706176.000000
281474976710655.000000	13.496159	5183	422199754752.000000
281474976710655.000000	14.333544	5184	422200770560.000000
281474976710655.000000	13.435220	5185	422201851904.000000
281474976710655.000000	14.132812	5186	422202867712.000000
281474976710655.000000	13.825758	5187	422203949056.000000
281474976710655.000000	13.746881	5188	422204964864.000000
281474976710655.000000	13.611684	5189	422206046208.000000
281474976710655.000000	14.320903	5190	422207062016.000000
