crossing time (s)	slope (V/s)	crossing number
281474976710655.000000	15.915089	5613	422658408448.000000
281474976710655.000000	16.122797	5614	422659457024.000000
281474976710655.000000	16.043215	5615	422660505600.000000
281474976710655.000000	15.845155	5616	422661521408.000000
281474976710655.000000	15.841160	5617	422662602752.000000
281474976710655.000000	15.884446	5618	422663618560.000000
281474976710655.000000	15.405599	5619	422664667136.000000
281474976710655.000000	15.701320	5620	422665715712.000000
281474976710655.000000	15.843240	5621	422666764288.000000
281474976710655.000000	15.611419	5622	422667780096.000000
281474976710655.000000	15.717978	5623	422668861440.000000
281474976710655.000000	15.968186	5624	422669877248.000000
281474976710655.000000	15.674604	5625	422670958592.000000
281474976710655.000000	15.053012	5626	422671974400.000000
281474976710655.000000	15.792019	5627	422673022976.000000
281474976710655.000000	15.113293	5628	422674038784.000000
281474976710655.000000	15.758320	5629	422675120128.000000
281474976710655.000000	15.492137	5630	422676135936.000000
281474976710655.000000	15.367778	5631	422677217280.000000
281474976710655.000000	15.299684	5632	422678233088.000000
281474976710655.000000	15.254865	5633	422679281664.000000
281474976710655.000000	15.786351	5634	422680330240.000000
281474976710655.000000	15.576900	5635	422681378816.000000
281474976710655.000000	15.449414	5636	422682394624.000000
281474976710655.000000	15.442068	5637	422683475968.000000
281474976710655.000000	15.387022	5638	422684491776.000000
281474976710655.000000	15.380065	5639	422685540352.000000
281474976710655.000000	15.529372	5640	422686588928.000000
281474976710655.000000	15.331530	5641	422687637504.000000
281474976710655.000000	15.379716	5642	422688653312.000000
281474976710655.000000	15.154035	5643	422689734656.000000
281474976710655.000000	15.172065	5644	422690750464.000000
281474976710655.000000	15.289129	5645	422691831808.000000
281474976710655.000000	15.962176	5646	422692847616.000000
281474976710655.000000	14.854252	5647	422693896192.000000
281474976710655.000000	14.853668	5648	422694912000.000000
281474976710655.000000	15.303964	5649	422695993344.000000
281474976710655.000000	15.389724	5650	422697009152.000000
281474976710655.000000	15.110578	5651	422698090496.000000
281474976710655.000000	15.516036	5652	422699106304.000000
281474976710655.000000	14.837199	5653	422700154880.000000
281474976710655.000000	15.123495	5654	422701203456.000000
281474976710655.000000	15.292343	5655	422702252032.000000
281474976710655.000000	14.960979	5656	422703267840.000000
281474976710655.000000	14.937293	5657	422704349184.000000
281474976710655.000000	15.142344	5658	422705364992.000000
281474976710655.000000	14.741723	5659	422706413568.000000
281474976710655.000000	14.908496	5660	422707462144.000000
281474976710655.000000	14.929642	5661	422708510720.000000
281474976710655.000000	14.626049	5662	422709526528.000000
281474976710655.000000	15.120670	5663	422710607872.000000
281474976710655.000000	14.986321	5664	422711623680.000000
281474976710655.000000	14.918684	5665	422712705024.000000
281474976710655.000000	14.776752	5666	422713720832.000000
281474976710655.000000	15.055285	5667	422714769408.000000
281474976710655.000000	14.238472	5668	422715785216.000000
281474976710655.000000	15.062727	5669	422716866560.000000
281474976710655.000000	15.335283	5670	422717882368.000000
281474976710655.000000	14.842531	5671	422718963712.000000
281474976710655.000000	14.833319	5672	422719979520.000000
281474976710655.000000	14.549872	5673	422721028096.000000
281474976710655.000000	14.912279	5674	422722076672.000000
281474976710655.000000	14.753806	5675	422723125248.000000
281474976710655.000000	14.529675	5676	422724141056.000000
281474976710655.000000	15.034840	5677	422725222400.000000
281474976710655.000000	14.826887	5678	422726238208.000000
281474976710655.000000	14.543802	5679	422727286784.000000
281474976710655.000000	14.030237	5680	422728335360.000000
281474976710655.000000	14.869308	5681	422729383936.000000
281474976710655.000000	14.518766	5682	422730399744.000000
281474976710655.000000	14.608412	5683	422731481088.000000
281474976710655.000000	15.055843	5684	422732496896.000000
281474976710655.000000	14.402987	5685	422733578240.000000
281474976710655.000000	14.299262	5686	422734594048.000000
281474976710655.000000	14.210187	5687	422735642624.000000
281474976710655.000000	14.519841	5688	422736658432.000000
281474976710655.000000	13.984552	5689	422737739776.000000
281474976710655.000000	14.315079	5690	422738755584.000000
281474976710655.000000	13.967415	5691	422739836928.000000
281474976710655.000000	14.865423	5692	422740852736.000000
281474976710655.000000	14.308852	5693	422741901312.000000
281474976710655.000000	14.605236	5694	422742949888.000000
281474976710655.000000	14.254679	5695	422743998464.000000
281474976710655.000000	14.162191	5696	422745014272.000000
281474976710655.000000	14.294614	5697	422746095616.000000
281474976710655.000000	14.360830	5698	422747111424.000000
281474976710655.000000	13.843841	5699	422748160000.000000
281474976710655.000000	14.336168	5700	422749208576.000000
281474976710655.000000	14.492476	5701	422750257152.000000
281474976710655.000000	14.111754	5702	422751272960.000000
281474976710655.000000	13.799437	5703	422752354304.000000
281474976710655.000000	14.608176	5704	422753370112.000000
281474976710655.000000	14.039862	5705	422754451456.000000
281474976710655.000000	14.324420	5706	422755467264.000000
281474976710655.000000	13.992788	5707	422756515840.000000
281474976710655.000000	14.057218	5708	422757531648.000000
281474976710655.000000	14.198233	5709	422758612992.000000
281474976710655.000000	13.950695	5710	422759628800.000000
281474976710655.000000	14.031638	5711	422760710144.000000
281474976710655.000000	14.000652	5712	422761725952.000000
281474976710655.000000	13.775907	5713	422762774528.000000
281474976710655.000000	14.248001	5714	422763823104.000000
281474976710655.000000	14.112515	5715	422764871680.000000
281474976710655.000000	14.315246	5716	422765887488.000000
281474976710655.000000	13.517758	5717	422766968832.000000
281474976710655.000000	14.295418	5718	422767984640.000000
281474976710655.000000	14.000076	5719	422769033216.000000
281474976710655.000000	14.024735	5720	422770081792.000000
281474976710655.000000	13.912400	5721	422771130368.000000
281474976710655.000000	13.670368	5722	422772146176.000000
281474976710655.000000	13.850583	5723	422773227520.000000
281474976710655.000000	14.010496	5724	422774243328.000000
281474976710655.000000	13.612616	5725	422775324672.000000
281474976710655.000000	14.379005	5726	422776340480.000000
281474976710655.000000	13.601988	5727	422777389056.000000
281474976710655.000000	14.066698	5728	422778404864.000000
281474976710655.000000	14.026372	5729	422779486208.000000
281474976710655.000000	14.139257	5730	422780502016.000000
281474976710655.000000	13.420938	5731	422781583360.000000
281474976710655.000000	13.497368	5732	422782599168.000000
281474976710655.000000	13.913587	5733	422783647744.000000
281474976710655.000000	13.931955	5734	422784696320.000000
281474976710655.000000	13.584030	5735	422785744896.000000
281474976710655.000000	13.676208	5736	422786760704.000000
281474976710655.000000	13.900918	5737	422787842048.000000
281474976710655.000000	14.153942	5738	422788857856.000000
281474976710655.000000	13.265294	5739	422789906432.000000
281474976710655.000000	13.719069	5740	422790955008.000000
