crossing time (s)	slope (V/s)	crossing number
281474976710655.000000	15.694547	7718	424869232640.000000
281474976710655.000000	15.518183	7719	424870281216.000000
281474976710655.000000	15.180987	7720	424871329792.000000
281474976710655.000000	15.616058	7721	424872378368.000000
281474976710655.000000	15.753697	7722	424873394176.000000
281474976710655.000000	15.910135	7723	424874475520.000000
281474976710655.000000	15.308392	7724	424875491328.000000
281474976710655.000000	15.458167	7725	424876572672.000000
281474976710655.000000	15.144875	7726	424877588480.000000
281474976710655.000000	15.859853	7727	424878637056.000000
281474976710655.000000	15.674780	7728	424879652864.000000
281474976710655.000000	15.352825	7729	424880734208.000000
281474976710655.000000	14.825326	7730	424881750016.000000
281474976710655.000000	16.085117	7731	424882831360.000000
281474976710655.000000	15.936730	7732	424883847168.000000
281474976710655.000000	15.413689	7733	424884895744.000000
281474976710655.000000	15.157816	7734	424885911552.000000
281474976710655.000000	15.825499	7735	424886992896.000000
281474976710655.000000	15.401281	7736	424888008704.000000
281474976710655.000000	15.295733	7737	424889090048.000000
281474976710655.000000	15.291111	7738	424890105856.000000
281474976710655.000000	15.130268	7739	424891154432.000000
281474976710655.000000	15.488610	7740	424892203008.000000
281474976710655.000000	15.270460	7741	424893251584.000000
281474976710655.000000	15.198387	7742	424894267392.000000
281474976710655.000000	15.603655	7743	424895348736.000000
281474976710655.000000	15.245872	7744	424896364544.000000
281474976710655.000000	15.047472	7745	424897413120.000000
281474976710655.000000	14.877258	7746	424898461696.000000
281474976710655.000000	15.544803	7747	424899510272.000000
281474976710655.000000	15.339608	7748	424900526080.000000
281474976710655.000000	15.808700	7749	424901607424.000000
281474976710655.000000	15.268692	7750	424902623232.000000
281474976710655.000000	15.259120	7751	424903704576.000000
281474976710655.000000	15.482379	7752	424904720384.000000
281474976710655.000000	15.037414	7753	424905768960.000000
281474976710655.000000	14.508719	7754	424906784768.000000
281474976710655.000000	14.981214	7755	424907866112.000000
281474976710655.000000	15.213601	7756	424908881920.000000
281474976710655.000000	14.581160	7757	424909963264.000000
281474976710655.000000	14.777784	7758	424910979072.000000
281474976710655.000000	15.345521	7759	424912027648.000000
281474976710655.000000	15.231834	7760	424913076224.000000
281474976710655.000000	14.702888	7761	424914124800.000000
281474976710655.000000	14.709485	7762	424915140608.000000
281474976710655.000000	15.083574	7763	424916221952.000000
281474976710655.000000	14.500005	7764	424917237760.000000
281474976710655.000000	15.651565	7765	424918319104.000000
281474976710655.000000	15.114872	7766	424919334912.000000
281474976710655.000000	14.882259	7767	424920383488.000000
281474976710655.000000	15.129758	7768	424921399296.000000
281474976710655.000000	14.762069	7769	424922480640.000000
281474976710655.000000	14.455620	7770	424923496448.000000
281474976710655.000000	15.347789	7771	424924577792.000000
281474976710655.000000	14.910430	7772	424925593600.000000
281474976710655.000000	14.948314	7773	424926642176.000000
281474976710655.000000	14.691154	7774	424927657984.000000
281474976710655.000000	14.725970	7775	424928739328.000000
281474976710655.000000	14.410252	7776	424929755136.000000
281474976710655.000000	14.937860	7777	424930836480.000000
281474976710655.000000	14.659048	7778	424931852288.000000
281474976710655.000000	14.694131	7779	424932933632.000000
281474976710655.000000	14.677882	7780	424933916672.000000
281474976710655.000000	14.288846	7781	424934998016.000000
281474976710655.000000	14.481680	7782	424936013824.000000
281474976710655.000000	14.856169	7783	424937095168.000000
281474976710655.000000	14.860657	7784	424938110976.000000
281474976710655.000000	14.508622	7785	424939192320.000000
281474976710655.000000	14.689052	7786	424940208128.000000
281474976710655.000000	14.694683	7787	424941256704.000000
281474976710655.000000	14.158731	7788	424942272512.000000
281474976710655.000000	14.412724	7789	424943353856.000000
281474976710655.000000	14.876215	7790	424944369664.000000
281474976710655.000000	14.471156	7791	424945451008.000000
281474976710655.000000	14.689934	7792	424946466816.000000
281474976710655.000000	14.611274	7793	424947515392.000000
281474976710655.000000	14.476657	7794	424948563968.000000
281474976710655.000000	14.395349	7795	424949612544.000000
281474976710655.000000	14.007102	7796	424950628352.000000
281474976710655.000000	14.265824	7797	424951709696.000000
281474976710655.000000	14.753533	7798	424952725504.000000
281474976710655.000000	14.699784	7799	424953774080.000000
281474976710655.000000	14.021597	7800	424954822656.000000
281474976710655.000000	14.065190	7801	424955871232.000000
281474976710655.000000	14.659147	7802	424956887040.000000
281474976710655.000000	14.059577	7803	424957968384.000000
281474976710655.000000	14.120982	7804	424958984192.000000
281474976710655.000000	13.968641	7805	424960065536.000000
281474976710655.000000	14.049398	7806	424961081344.000000
281474976710655.000000	14.299250	7807	424962129920.000000
281474976710655.000000	14.375026	7808	424963145728.000000
281474976710655.000000	13.555182	7809	424964227072.000000
281474976710655.000000	13.887889	7810	424965242880.000000
281474976710655.000000	14.602912	7811	424966324224.000000
281474976710655.000000	13.807118	7812	424967340032.000000
281474976710655.000000	14.358598	7813	424968388608.000000
281474976710655.000000	13.742735	7814	424969437184.000000
281474976710655.000000	13.859827	7815	424970485760.000000
281474976710655.000000	14.272964	7816	424971501568.000000
281474976710655.000000	13.980990	7817	424972582912.000000
281474976710655.000000	13.913196	7818	424973598720.000000
281474976710655.000000	13.895164	7819	424974647296.000000
281474976710655.000000	13.603587	7820	424975695872.000000
281474976710655.000000	14.030117	7821	424976744448.000000
281474976710655.000000	13.570830	7822	424977760256.000000
281474976710655.000000	13.814861	7823	424978841600.000000
281474976710655.000000	13.949093	7824	424979857408.000000
281474976710655.000000	13.681979	7825	424980938752.000000
281474976710655.000000	13.569973	7826	424981954560.000000
281474976710655.000000	13.785046	7827	424983003136.000000
281474976710655.000000	13.814060	7828	424984018944.000000
281474976710655.000000	13.533836	7829	424985100288.000000
281474976710655.000000	14.071056	7830	424986116096.000000
281474976710655.000000	13.498455	7831	424987197440.000000
281474976710655.000000	13.495347	7832	424988213248.000000
281474976710655.000000	13.718347	7833	424989261824.000000
281474976710655.000000	13.596334	7834	424990277632.000000
281474976710655.000000	13.830067	7835	424991358976.000000
281474976710655.000000	13.598108	7836	424992374784.000000
281474976710655.000000	13.346856	7837	424993456128.000000
281474976710655.000000	14.032333	7838	424994471936.000000
281474976710655.000000	13.918283	7839	424995553280.000000
281474976710655.000000	13.532673	7840	424996536320.000000
281474976710655.000000	13.821970	7841	424997617664.000000
281474976710655.000000	13.564441	7842	424998633472.000000
281474976710655.000000	13.811798	7843	424999714816.000000
281474976710655.000000	13.655829	7844	425000730624.000000
281474976710655.000000	13.691922	7845	425001811968.000000
281474976710655.000000	13.632689	7846	425002827776.000000
281474976710655.000000	13.723405	7847	425003876352.000000
