crossing time (s)	slope (V/s)	crossing number
281474976710655.000000	16.052847	2854	409339559936.000000
281474976710655.000000	15.943219	2855	409340608512.000000
281474976710655.000000	15.342959	2856	409341657088.000000
281474976710655.000000	15.896378	2857	409342705664.000000
281474976710655.000000	16.505650	2858	409343721472.000000
281474976710655.000000	14.730180	2859	409344770048.000000
281474976710655.000000	15.670717	2860	409345818624.000000
281474976710655.000000	17.241995	2861	409346867200.000000
281474976710655.000000	16.387159	2862	409347915776.000000
281474976710655.000000	16.101137	2863	409348964352.000000
281474976710655.000000	15.474610	2864	409349980160.000000
281474976710655.000000	15.367576	2865	409351028736.000000
281474976710655.000000	16.338024	2866	409352077312.000000
281474976710655.000000	16.833525	2867	409353125888.000000
281474976710655.000000	15.620116	2868	409354174464.000000
281474976710655.000000	15.236879	2869	409355223040.000000
281474976710655.000000	16.038347	2870	409356271616.000000
281474976710655.000000	16.473864	2871	409357320192.000000
281474976710655.000000	16.367022	2872	409358336000.000000
281474976710655.000000	15.534203	2873	409359384576.000000
281474976710655.000000	15.848592	2874	409360433152.000000
281474976710655.000000	15.924291	2875	409361481728.000000
281474976710655.000000	15.541742	2876	409362530304.000000
281474976710655.000000	15.659310	2877	409363578880.000000
281474976710655.000000	15.602846	2878	409364594688.000000
281474976710655.000000	16.496532	2879	409365676032.000000
281474976710655.000000	15.731187	2880	409366691840.000000
281474976710655.000000	16.227022	2881	409367740416.000000
281474976710655.000000	16.599417	2882	409368788992.000000
281474976710655.000000	15.694882	2883	409369837568.000000
281474976710655.000000	16.147095	2884	409370886144.000000
281474976710655.000000	15.715044	2885	409371934720.000000
281474976710655.000000	16.095650	2886	409372950528.000000
281474976710655.000000	15.239145	2887	409373999104.000000
281474976710655.000000	15.811193	2888	409375047680.000000
281474976710655.000000	16.335592	2889	409376096256.000000
281474976710655.000000	15.944736	2890	409377112064.000000
281474976710655.000000	15.228133	2891	409378193408.000000
281474976710655.000000	15.570398	2892	409379209216.000000
281474976710655.000000	16.524416	2893	409380290560.000000
281474976710655.000000	15.883090	2894	409381306368.000000
281474976710655.000000	15.590617	2895	409382354944.000000
281474976710655.000000	16.240921	2896	409383403520.000000
281474976710655.000000	15.781212	2897	409384452096.000000
281474976710655.000000	15.845044	2898	409385467904.000000
281474976710655.000000	15.435724	2899	409386516480.000000
281474976710655.000000	15.454038	2900	409387565056.000000
281474976710655.000000	16.323521	2901	409388613632.000000
281474976710655.000000	16.111073	2902	409389662208.000000
281474976710655.000000	15.639885	2903	409390710784.000000
281474976710655.000000	15.925176	2904	409391759360.000000
281474976710655.000000	15.857615	2905	409392807936.000000
281474976710655.000000	15.755772	2906	409393823744.000000
281474976710655.000000	15.648242	2907	409394872320.000000
281474976710655.000000	15.318593	2908	409395920896.000000
281474976710655.000000	16.094997	2909	409396969472.000000
281474976710655.000000	16.005381	2910	409398018048.000000
281474976710655.000000	15.625115	2911	409399066624.000000
281474976710655.000000	15.835776	2912	409400082432.000000
281474976710655.000000	15.380339	2913	409401131008.000000
281474976710655.000000	15.302427	2914	409402179584.000000
281474976710655.000000	15.633084	2915	409403228160.000000
281474976710655.000000	15.968517	2916	409404276736.000000
281474976710655.000000	15.395159	2917	409405325312.000000
281474976710655.000000	15.956939	2918	409406341120.000000
281474976710655.000000	15.787930	2919	409407422464.000000
281474976710655.000000	15.844555	2920	409408438272.000000
281474976710655.000000	15.512801	2921	409409486848.000000
281474976710655.000000	16.301632	2922	409410535424.000000
281474976710655.000000	15.448769	2923	409411584000.000000
281474976710655.000000	16.270742	2924	409412632576.000000
281474976710655.000000	15.867468	2925	409413681152.000000
281474976710655.000000	15.579713	2926	409414696960.000000
281474976710655.000000	15.353117	2927	409415745536.000000
281474976710655.000000	15.970752	2928	409416794112.000000
281474976710655.000000	15.716118	2929	409417842688.000000
281474976710655.000000	15.954157	2930	409418891264.000000
281474976710655.000000	15.707540	2931	409419939840.000000
281474976710655.000000	16.143738	2932	409420955648.000000
281474976710655.000000	15.604703	2933	409422036992.000000
281474976710655.000000	15.492436	2934	409423052800.000000
281474976710655.000000	15.451991	2935	409424101376.000000
281474976710655.000000	15.643600	2936	409425149952.000000
281474976710655.000000	15.524416	2937	409426198528.000000
281474976710655.000000	15.739285	2938	409427214336.000000
281474976710655.000000	15.945246	2939	409428295680.000000
281474976710655.000000	15.644823	2940	409429311488.000000
281474976710655.000000	15.513552	2941	409430392832.000000
281474976710655.000000	15.727481	2942	409431408640.000000
281474976710655.000000	15.650375	2943	409432457216.000000
281474976710655.000000	15.727936	2944	409433505792.000000
281474976710655.000000	15.748335	2945	409434554368.000000
281474976710655.000000	15.870364	2946	409435570176.000000
281474976710655.000000	15.603433	2947	409436651520.000000
281474976710655.000000	15.888505	2948	409437667328.000000
281474976710655.000000	15.074619	2949	409438715904.000000
281474976710655.000000	15.773896	2950	409439764480.000000
281474976710655.000000	15.473437	2951	409440813056.000000
281474976710655.000000	15.214724	2952	409441828864.000000
281474976710655.000000	15.263607	2953	409442910208.000000
281474976710655.000000	15.560695	2954	409443926016.000000
281474976710655.000000	15.600473	2955	409444974592.000000
281474976710655.000000	15.727925	2956	409446023168.000000
281474976710655.000000	15.361072	2957	409447071744.000000
281474976710655.000000	15.934625	2958	409448120320.000000
281474976710655.000000	15.560977	2959	409449168896.000000
281474976710655.000000	15.620086	2960	409450184704.000000
281474976710655.000000	15.564073	2961	409451233280.000000
281474976710655.000000	16.237715	2962	409452281856.000000
281474976710655.000000	15.294676	2963	409453330432.000000
281474976710655.000000	15.858584	2964	409454379008.000000
281474976710655.000000	15.831240	2965	409455427584.000000
281474976710655.000000	16.192217	2966	409456443392.000000
281474976710655.000000	15.376446	2967	409457524736.000000
281474976710655.000000	15.484564	2968	409458540544.000000
281474976710655.000000	15.242681	2969	409459589120.000000
281474976710655.000000	15.793584	2970	409460637696.000000
281474976710655.000000	15.353746	2971	409461686272.000000
281474976710655.000000	15.381555	2972	409462702080.000000
281474976710655.000000	15.608889	2973	409463783424.000000
281474976710655.000000	15.464238	2974	409464799232.000000
281474976710655.000000	15.490745	2975	409465880576.000000
281474976710655.000000	15.591550	2976	409466896384.000000
281474976710655.000000	15.627976	2977	409467944960.000000
281474976710655.000000	15.794296	2978	409468993536.000000
281474976710655.000000	15.126367	2979	409470042112.000000
281474976710655.000000	15.154230	2980	409471057920.000000
281474976710655.000000	15.721667	2981	409472139264.000000
