time (s)	energy (uJ)	charge (mC)	voltage (mV)	crossing#mod 255
424618.693497	-0.908000	0.010266	-0.088451	56
424619.776091	-0.960957	0.010306	-0.093243	57
424620.790268	-0.868397	0.010254	-0.084687	58
424621.838545	-0.969785	0.010282	-0.094315	59
424622.888212	-0.840128	0.010288	-0.081663	60
424623.935436	-0.835266	0.010293	-0.081145	61
424624.952909	-1.091578	0.010280	-0.106180	62
424626.033150	-0.996286	0.010273	-0.096978	63
424627.048241	-1.009900	0.010301	-0.098038	64
424628.131531	-0.809845	0.010279	-0.078785	65
424629.146280	-0.984274	0.010270	-0.095844	66
424630.194207	-0.958514	0.010243	-0.093575	67
424631.244267	-0.715033	0.010280	-0.069553	68
424632.292818	-0.885251	0.010280	-0.086111	69
424633.307294	-0.945915	0.010277	-0.092040	70
424634.389072	-0.840387	0.010267	-0.081851	71
424635.404157	-0.767095	0.010290	-0.074548	72
424636.454934	-1.045569	0.010261	-0.101900	73
424637.503402	-0.722063	0.010259	-0.070383	74
424638.550098	-0.982185	0.010311	-0.095253	75
424639.566059	-0.835021	0.010278	-0.081247	76
424640.647839	-0.933011	0.010264	-0.090897	77
424641.662914	-0.877257	0.010288	-0.085268	78
424642.744642	-0.838708	0.010270	-0.081665	79
424643.760944	-0.906030	0.010257	-0.088330	80
424644.810819	-0.853434	0.010274	-0.083070	81
424645.827519	130.414963	0.010285	12.680696	82
424646.907416	-0.708070	0.010260	-0.069016	83
424647.922213	-1.177685	0.010259	-0.114797	84
424649.004089	-0.745937	0.010268	-0.072650	85
424650.019269	-0.874938	0.010256	-0.085312	86
424651.101186	-0.480742	0.010287	-0.046732	87
424652.083826	-1.281574	0.010261	-0.124897	88
424653.165775	-0.447591	0.010276	-0.043558	89
424654.185528	-1.046516	0.010251	-0.102094	90
424655.262236	-0.417621	0.010289	-0.040590	91
424656.277698	-1.233240	0.010277	-0.120004	92
424657.359481	-0.585776	0.010272	-0.057029	93
424658.341912	-1.321918	0.010288	-0.128489	94
424659.423679	-0.402610	0.010267	-0.039213	95
424660.439635	-1.384899	0.010265	-0.134916	96
424661.521569	-0.394370	0.010274	-0.038387	97
424662.540871	-1.177602	0.010250	-0.114889	98
424663.618277	-0.578679	0.010265	-0.056376	99
424664.634696	-1.165390	0.010271	-0.113461	100
424665.660140	-0.051447	0.010274	-0.005007	101
424666.701942	-1.164870	0.010254	-0.113598	102
424667.779264	-0.515087	0.010271	-0.050151	103
424668.795197	-1.218065	0.010262	-0.118693	104
424669.875806	-0.680602	0.010265	-0.066304	105
424670.890995	-1.176929	0.010264	-0.114671	106
424671.941187	-0.313909	0.010256	-0.030608	107
424672.956498	-1.129847	0.010287	-0.109829	108
424674.040046	-0.617302	0.010265	-0.060139	109
424675.030572	-1.114095	0.010289	-0.108278	110
424676.134622	-1.264719	0.010251	-0.123380	111
424677.150990	-0.768633	0.010264	-0.074887	112
424678.200633	-0.643770	0.010259	-0.062752	113
424679.247496	-0.716212	0.010276	-0.069695	114
424680.296924	-1.004200	0.010269	-0.097793	115
424681.312900	-0.712487	0.010269	-0.069381	116
424682.417720	-0.332607	0.010285	-0.032339	117
424683.409412	-0.706547	0.010283	-0.068709	118
424684.491194	-0.948236	0.010261	-0.092411	119
424685.507098	-0.788200	0.010236	-0.077004	120
424686.555537	-0.925718	0.010251	-0.090309	121
424687.571023	-0.758626	0.010279	-0.073802	122
424688.653102	-0.867969	0.010250	-0.084678	123
424689.667853	-0.809171	0.010298	-0.078576	124
424690.749588	-0.647049	0.010273	-0.062983	125
424691.766135	-0.835753	0.010257	-0.081482	126
424692.835098	-0.500688	0.010258	-0.048810	127
424693.862852	-0.778431	0.010265	-0.075831	128
424694.911642	-0.783867	0.010265	-0.076360	129
424695.947586	-0.357792	0.010273	-0.034828	130
424697.008171	-0.820598	0.010286	-0.079778	131
424698.024089	-1.222892	0.010272	-0.119053	132
424699.048607	-0.361384	0.010292	-0.035112	133
424700.121792	-0.998036	0.010244	-0.097425	134
424701.170026	-0.807068	0.010262	-0.078648	135
424702.185738	-0.661884	0.010263	-0.064489	136
424703.267862	-0.721919	0.010280	-0.070225	137
424704.282799	-0.596358	0.010267	-0.058086	138
424705.364974	-0.744800	0.010286	-0.072408	139
424706.379917	-0.682996	0.010265	-0.066539	140
424707.427554	-0.764816	0.010261	-0.074534	141
424708.444163	-0.492983	0.010280	-0.047958	142
424709.525922	-1.669094	0.010244	-0.162936	143
424710.541881	-0.594954	0.010257	-0.058007	144
424711.624235	-1.301343	0.010260	-0.126835	145
424712.640305	-1.173220	0.010272	-0.114216	146
424713.686996	-0.447532	0.010285	-0.043512	147
424714.703499	-0.831954	0.010262	-0.081068	148
424715.808704	-0.212565	0.010281	-0.020676	149
424716.801430	-1.082337	0.010274	-0.105350	150
424717.881738	-0.600580	0.010267	-0.058493	151
424718.899352	-1.047052	0.010259	-0.102059	152
424719.954988	-0.621210	0.010272	-0.060473	153
424720.994235	-0.910856	0.010283	-0.088575	154
424722.042805	-0.358852	0.010273	-0.034933	155
424723.060169	-1.054782	0.010322	-0.102189	156
424724.140500	-0.374262	0.010262	-0.036469	157
424725.156465	-1.075332	0.010266	-0.104747	158
424726.237046	-0.176407	0.010263	-0.017188	159
424727.252975	-1.022992	0.010264	-0.099669	160
424728.279279	0.327133	0.010279	0.031826	161
424729.317499	-1.116405	0.010276	-0.108643	162
424730.399262	-0.304139	0.010256	-0.029655	163
424731.415217	-1.081331	0.010258	-0.105413	164
424732.497598	-0.409025	0.010268	-0.039835	165
424733.511660	-1.002177	0.010264	-0.097642	166
424734.592891	-0.361606	0.010282	-0.035168	167
424735.576824	-1.260970	0.010269	-0.122793	168
424736.657652	-0.277239	0.010261	-0.027019	169
424737.674240	-0.996557	0.010273	-0.097009	170
424738.754695	-0.537929	0.010281	-0.052324	171
424739.772563	-0.826638	0.010240	-0.080724	172
424740.853346	-0.506379	0.010273	-0.049293	173
424741.868081	-0.831758	0.010255	-0.081110	174
424742.917905	-0.628424	0.010264	-0.061227	175
424743.932568	-0.622253	0.010255	-0.060680	176
424745.013462	-0.730013	0.010266	-0.071109	177
424746.029388	-0.587375	0.010261	-0.057242	178
424747.111202	-0.797065	0.010258	-0.077703	179
424748.103574	-0.800168	0.010292	-0.077746	180
424749.177273	-0.543770	0.010253	-0.053034	181
424750.190464	-0.348676	0.010282	-0.033910	182
424751.273808	-0.710966	0.010265	-0.069262	183
424752.288134	-0.603903	0.010264	-0.058838	184
424753.369918	-0.635005	0.010250	-0.061951	185
