crossing time (s)	slope (V/s)	crossing number
281474976710655.000000	15.903167	6771	423876886528.000000
281474976710655.000000	15.700495	6772	423877902336.000000
281474976710655.000000	16.888912	6773	423878983680.000000
281474976710655.000000	17.051676	6774	423879999488.000000
281474976710655.000000	16.312788	6775	423881080832.000000
281474976710655.000000	15.310694	6776	423882096640.000000
281474976710655.000000	17.264345	6777	423883145216.000000
281474976710655.000000	16.425558	6778	423884193792.000000
281474976710655.000000	16.263288	6779	423885242368.000000
281474976710655.000000	16.725128	6780	423886258176.000000
281474976710655.000000	16.161240	6781	423887339520.000000
281474976710655.000000	15.843385	6782	423888355328.000000
281474976710655.000000	16.846607	6783	423889403904.000000
281474976710655.000000	16.049721	6784	423890452480.000000
281474976710655.000000	16.316727	6785	423891501056.000000
281474976710655.000000	16.485138	6786	423892516864.000000
281474976710655.000000	15.817106	6787	423893598208.000000
281474976710655.000000	15.991042	6788	423894614016.000000
281474976710655.000000	16.518791	6789	423895695360.000000
281474976710655.000000	16.511955	6790	423896711168.000000
281474976710655.000000	15.389926	6791	423897759744.000000
281474976710655.000000	15.687238	6792	423898775552.000000
281474976710655.000000	15.872600	6793	423899856896.000000
281474976710655.000000	16.118988	6794	423900872704.000000
281474976710655.000000	15.759740	6795	423901954048.000000
281474976710655.000000	16.032988	6796	423902969856.000000
281474976710655.000000	16.350927	6797	423904018432.000000
281474976710655.000000	15.786579	6798	423905067008.000000
281474976710655.000000	16.116598	6799	423906115584.000000
281474976710655.000000	16.410774	6800	423907131392.000000
281474976710655.000000	15.912070	6801	423908212736.000000
281474976710655.000000	15.874503	6802	423909228544.000000
281474976710655.000000	16.291002	6803	423910309888.000000
281474976710655.000000	16.121891	6804	423911292928.000000
281474976710655.000000	15.613122	6805	423912374272.000000
281474976710655.000000	16.005350	6806	423913390080.000000
281474976710655.000000	16.212547	6807	423914471424.000000
281474976710655.000000	16.075264	6808	423915487232.000000
281474976710655.000000	15.655489	6809	423916568576.000000
281474976710655.000000	15.405622	6810	423917584384.000000
281474976710655.000000	15.494151	6811	423918632960.000000
281474976710655.000000	15.734721	6812	423919648768.000000
281474976710655.000000	15.138304	6813	423920730112.000000
281474976710655.000000	15.757589	6814	423921745920.000000
281474976710655.000000	15.335573	6815	423922827264.000000
281474976710655.000000	15.646432	6816	423923843072.000000
281474976710655.000000	15.776759	6817	423924891648.000000
281474976710655.000000	15.782401	6818	423925907456.000000
281474976710655.000000	15.917103	6819	423926988800.000000
281474976710655.000000	15.546023	6820	423928004608.000000
281474976710655.000000	15.852765	6821	423929085952.000000
281474976710655.000000	15.536325	6822	423930101760.000000
281474976710655.000000	15.683815	6823	423931183104.000000
281474976710655.000000	15.210962	6824	423932198912.000000
281474976710655.000000	15.351897	6825	423933247488.000000
281474976710655.000000	15.671680	6826	423934263296.000000
281474976710655.000000	15.249577	6827	423935344640.000000
281474976710655.000000	15.201810	6828	423936360448.000000
281474976710655.000000	15.299695	6829	423937441792.000000
281474976710655.000000	15.232089	6830	423938457600.000000
281474976710655.000000	15.145569	6831	423939506176.000000
281474976710655.000000	15.603177	6832	423940521984.000000
281474976710655.000000	14.936879	6833	423941603328.000000
281474976710655.000000	15.150908	6834	423942619136.000000
281474976710655.000000	14.803623	6835	423943700480.000000
281474976710655.000000	15.592299	6836	423944716288.000000
281474976710655.000000	15.210887	6837	423945797632.000000
281474976710655.000000	14.764864	6838	423946780672.000000
281474976710655.000000	15.726334	6839	423947862016.000000
281474976710655.000000	14.786097	6840	423948877824.000000
281474976710655.000000	15.016627	6841	423949959168.000000
281474976710655.000000	14.635440	6842	423950974976.000000
281474976710655.000000	15.044733	6843	423952023552.000000
281474976710655.000000	14.723349	6844	423953072128.000000
281474976710655.000000	15.082874	6845	423954120704.000000
281474976710655.000000	15.196926	6846	423955136512.000000
281474976710655.000000	15.245392	6847	423956217856.000000
281474976710655.000000	15.002616	6848	423957233664.000000
281474976710655.000000	14.596276	6849	423958315008.000000
281474976710655.000000	14.656182	6850	423959330816.000000
281474976710655.000000	14.739708	6851	423960379392.000000
281474976710655.000000	14.215878	6852	423961395200.000000
281474976710655.000000	14.793311	6853	423962476544.000000
281474976710655.000000	14.401479	6854	423963492352.000000
281474976710655.000000	15.581765	6855	423964573696.000000
281474976710655.000000	14.705749	6856	423965589504.000000
281474976710655.000000	14.916935	6857	423966638080.000000
281474976710655.000000	15.100938	6858	423967653888.000000
281474976710655.000000	14.922478	6859	423968735232.000000
281474976710655.000000	14.484279	6860	423969751040.000000
281474976710655.000000	15.281974	6861	423970832384.000000
281474976710655.000000	14.897882	6862	423971848192.000000
281474976710655.000000	14.747275	6863	423972929536.000000
281474976710655.000000	14.482059	6864	423973945344.000000
281474976710655.000000	14.192605	6865	423974993920.000000
281474976710655.000000	14.222522	6866	423976009728.000000
281474976710655.000000	14.629725	6867	423977091072.000000
281474976710655.000000	14.357942	6868	423978106880.000000
281474976710655.000000	14.254506	6869	423979188224.000000
281474976710655.000000	14.225666	6870	423980204032.000000
281474976710655.000000	14.492397	6871	423981252608.000000
281474976710655.000000	14.460687	6872	423982268416.000000
281474976710655.000000	14.462092	6873	423983349760.000000
281474976710655.000000	14.413118	6874	423984365568.000000
281474976710655.000000	14.232104	6875	423985446912.000000
281474976710655.000000	14.423614	6876	423986462720.000000
281474976710655.000000	14.146596	6877	423987511296.000000
281474976710655.000000	15.027308	6878	423988559872.000000
281474976710655.000000	14.116085	6879	423989608448.000000
281474976710655.000000	14.508582	6880	423990624256.000000
281474976710655.000000	14.076565	6881	423991705600.000000
281474976710655.000000	14.705427	6882	423992721408.000000
281474976710655.000000	14.272601	6883	423993802752.000000
281474976710655.000000	13.887243	6884	423994785792.000000
281474976710655.000000	14.056920	6885	423995867136.000000
281474976710655.000000	13.815077	6886	423996882944.000000
281474976710655.000000	14.125404	6887	423997964288.000000
281474976710655.000000	14.610520	6888	423998980096.000000
281474976710655.000000	14.457143	6889	424000061440.000000
281474976710655.000000	14.373276	6890	424001077248.000000
281474976710655.000000	13.971782	6891	424002125824.000000
281474976710655.000000	14.826735	6892	424003141632.000000
281474976710655.000000	14.271409	6893	424004222976.000000
281474976710655.000000	13.955976	6894	424005238784.000000
281474976710655.000000	14.525143	6895	424006320128.000000
281474976710655.000000	14.160211	6896	424007335936.000000
281474976710655.000000	13.790929	6897	424008384512.000000
281474976710655.000000	14.039443	6898	424009433088.000000
281474976710655.000000	13.656395	6899	424010481664.000000
281474976710655.000000	14.067132	6900	424011497472.000000
281474976710655.000000	14.266353	6901	424012578816.000000
281474976710655.000000	13.699299	6902	424013594624.000000
