time (s)	energy (uJ)	charge (mC)	voltage (mV)	crossing#mod 255
427226.733577	61.589634	0.017228	3.575043	233
427227.748222	66.585419	0.017218	3.867301	234
427228.829760	40.204433	0.017195	2.338142	235
427229.845557	40.048664	0.017205	2.327798	236
427230.871058	162.669250	0.017209	9.452783	237
427231.952900	22.373528	0.017265	1.295863	238
427232.991507	61.556175	0.017195	3.579877	239
427234.009317	71.493134	0.017194	4.158123	240
427235.088112	47.855942	0.017228	2.777802	241
427236.104038	51.333908	0.017206	2.983465	242
427237.185749	35.837505	0.017197	2.083944	243
427238.200913	33.713463	0.017223	1.957448	244
427239.251334	82.949921	0.017166	4.832167	245
427240.266189	78.384010	0.017189	4.560045	246
427241.346994	64.849419	0.017177	3.775280	247
427242.373369	34.740578	0.017221	2.017390	248
427243.468824	17.067505	0.017200	0.992314	249
427244.459990	35.546562	0.017174	2.069781	250
427246.557790	22.501244	0.017220	1.306709	252
427247.607139	71.741585	0.017189	4.173720	253
427248.622282	65.425911	0.017221	3.799111	254
427249.702929	50.569191	0.017194	2.941140	255
427250.719140	45.618492	0.017182	2.655051	0
427251.799798	36.046860	0.017220	2.093258	1
427252.803805	49.053993	0.017190	2.853556	2
427253.840611	149.009048	0.017179	8.673848	3
427254.912854	22.907227	0.017212	1.330910	4
427255.962382	51.061649	0.017186	2.971153	5
427256.966494	92.474632	0.017187	5.380644	6
427258.047029	50.046337	0.017221	2.906114	7
427259.078064	18.202234	0.017174	1.059880	8
427260.123794	83.774139	0.017219	4.865316	9
427261.194112	12.086878	0.017218	0.702011	10
427262.197890	119.172813	0.017222	6.919857	11
427263.235704	46.228039	0.017221	2.684441	12
427264.293275	101.469299	0.017195	5.901079	13
427265.334405	43.715763	0.017172	2.545814	14
427266.403597	50.149509	0.017190	2.917411	15
427267.409060	59.749187	0.017211	3.471567	16
427268.479260	84.754906	0.017183	4.932433	17
427269.494401	74.254272	0.017219	4.312308	18
427270.575994	52.210789	0.017174	3.040169	19
427271.571014	97.188583	0.017181	5.656910	20
427272.674072	41.825672	0.017215	2.429591	21
427273.688276	34.864555	0.017210	2.025838	22
427274.771720	26.553915	0.017165	1.546946	23
427275.786881	23.668816	0.017223	1.374228	24
427276.835149	62.237339	0.017206	3.617183	25
427277.851574	65.363823	0.017208	3.798421	26
427278.931409	44.068371	0.017228	2.557899	27
427279.948434	45.335251	0.017207	2.634625	28
427281.004516	66.174934	0.017196	3.848216	29
427282.030495	52.867855	0.017188	3.075932	30
427283.093752	70.229019	0.017186	4.086472	31
427284.108619	87.309639	0.017161	5.087552	32
427285.191452	49.812534	0.017206	2.895110	33
427286.207384	54.841671	0.017201	3.188353	34
427287.287996	33.436268	0.017190	1.945085	35
427288.303940	39.538906	0.017182	2.301120	36
427289.341074	114.001663	0.017221	6.619890	37
427290.401026	23.160519	0.017188	1.347513	38
427291.424586	129.492172	0.017194	7.531456	39
427292.466330	62.703693	0.017186	3.648548	40
427293.522007	94.625221	0.017173	5.510115	41
427294.537351	101.373962	0.017168	5.904850	42
427295.644004	32.015148	0.017183	1.863149	43
427296.660220	26.205446	0.017206	1.523085	44
427297.709594	76.707352	0.017183	4.464196	45
427298.734139	22.310482	0.017185	1.298282	46
427299.780257	120.124298	0.017188	6.988870	47
427300.821492	44.592716	0.017196	2.593223	48
427301.902414	40.533627	0.017186	2.358533	49
427302.918327	29.853008	0.017182	1.737496	50
427304.000357	27.259155	0.017218	1.583195	51
427304.983910	79.599121	0.017209	4.625367	52
427306.064287	62.217129	0.017181	3.621184	53
427307.080232	59.862839	0.017210	3.478461	54
427308.161337	42.625111	0.017157	2.484432	55
427309.177786	37.351162	0.017198	2.171804	56
427310.226569	91.026230	0.017161	5.304367	57
427311.275748	29.740068	0.017211	1.727948	58
427312.322349	64.545700	0.017208	3.750938	59
427313.338053	80.150345	0.017167	4.668948	60
427314.420519	43.173477	0.017182	2.512683	61
427315.435546	41.912762	0.017159	2.442607	62
427316.516260	31.107597	0.017174	1.811276	63
427317.532196	20.638535	0.017222	1.198361	64
427318.561996	134.458328	0.017177	7.827889	65
427319.630207	142.686264	0.017180	8.305552	66
427320.677944	60.698719	0.017186	3.531964	67
427321.694930	57.377319	0.017180	3.339736	68
427322.775634	40.320522	0.017201	2.344097	69
427323.791580	38.820133	0.017200	2.256978	70
427324.873771	26.740526	0.017192	1.555422	71
427325.887961	25.068043	0.017185	1.458707	72
427326.948021	47.622070	0.017192	2.770020	73
427327.953894	67.634209	0.017183	3.936096	74
427329.034463	48.742512	0.017160	2.840478	75
427330.050444	49.172504	0.017176	2.862795	76
427331.119473	43.520718	0.017176	2.533772	77
427332.135611	49.984058	0.017170	2.911188	78
427333.107377	173.430588	0.017182	10.093837	79
427334.244689	23.376392	0.017158	1.362408	80
427335.293263	52.140579	0.017180	3.034976	81
427336.297692	90.967697	0.017169	5.298466	82
427337.390895	34.882927	0.017211	2.026728	83
427338.406230	44.212212	0.017171	2.574821	84
427339.454803	88.599815	0.017189	5.154566	85
427340.503112	27.194262	0.017183	1.582638	86
427341.551413	63.276924	0.017221	3.674456	87
427342.568433	65.293388	0.017183	3.799889	88
427343.649542	46.003662	0.017154	2.681849	89
427344.666608	40.171291	0.017194	2.336371	90
427345.746424	37.451378	0.017196	2.177937	91
427346.761957	26.369488	0.017156	1.537027	92
427347.810649	85.217613	0.017174	4.962053	93
427348.815071	99.631302	0.017177	5.800277	94
427349.884020	122.702309	0.017202	7.133118	95
427350.924027	46.883644	0.017167	2.731099	96
427352.004117	43.816719	0.017202	2.547127	97
427353.031190	19.302172	0.017193	1.122698	98
427354.101746	30.008070	0.017151	1.749637	99
427355.116880	23.284372	0.017179	1.355422	100
427356.167339	67.675491	0.017180	3.939112	101
427357.181249	64.835121	0.017189	3.771789	102
427358.265842	44.642517	0.017208	2.594240	103
427359.279264	24.791197	0.017177	1.443291	104
