crossing time (s)	slope (V/s)	crossing number
281474976710655.000000	16.503338	4900	421901008896.000000
281474976710655.000000	16.157698	4901	421902057472.000000
281474976710655.000000	15.967117	4902	421903073280.000000
281474976710655.000000	16.541937	4903	421904154624.000000
281474976710655.000000	17.033106	4904	421905170432.000000
281474976710655.000000	16.780348	4905	421906251776.000000
281474976710655.000000	16.695978	4906	421907267584.000000
281474976710655.000000	15.903340	4907	421908316160.000000
281474976710655.000000	16.755106	4908	421909364736.000000
281474976710655.000000	16.858673	4909	421910413312.000000
281474976710655.000000	16.817354	4910	421911429120.000000
281474976710655.000000	15.575831	4911	421912510464.000000
281474976710655.000000	16.137093	4912	421913526272.000000
281474976710655.000000	16.842628	4913	421914607616.000000
281474976710655.000000	16.070375	4914	421915590656.000000
281474976710655.000000	16.121208	4915	421916672000.000000
281474976710655.000000	16.164482	4916	421917687808.000000
281474976710655.000000	16.383236	4917	421918769152.000000
281474976710655.000000	16.424149	4918	421919784960.000000
281474976710655.000000	16.229988	4919	421920866304.000000
281474976710655.000000	16.190512	4920	421921882112.000000
281474976710655.000000	15.968994	4921	421922930688.000000
281474976710655.000000	15.840041	4922	421923946496.000000
281474976710655.000000	16.163164	4923	421925027840.000000
281474976710655.000000	16.336061	4924	421926043648.000000
281474976710655.000000	16.557419	4925	421927124992.000000
281474976710655.000000	16.457277	4926	421928140800.000000
281474976710655.000000	15.816480	4927	421929189376.000000
281474976710655.000000	16.215668	4928	421930237952.000000
281474976710655.000000	15.882292	4929	421931286528.000000
281474976710655.000000	16.206753	4930	421932302336.000000
281474976710655.000000	15.799257	4931	421933383680.000000
281474976710655.000000	15.720116	4932	421934399488.000000
281474976710655.000000	15.913212	4933	421935480832.000000
281474976710655.000000	15.815712	4934	421936496640.000000
281474976710655.000000	16.059391	4935	421937545216.000000
281474976710655.000000	16.207214	4936	421938561024.000000
281474976710655.000000	16.222685	4937	421939642368.000000
281474976710655.000000	16.241058	4938	421940658176.000000
281474976710655.000000	16.115732	4939	421941739520.000000
281474976710655.000000	15.876672	4940	421942755328.000000
281474976710655.000000	15.658449	4941	421943803904.000000
281474976710655.000000	15.738010	4942	421944819712.000000
281474976710655.000000	14.973194	4943	421945901056.000000
281474976710655.000000	15.967779	4944	421946916864.000000
281474976710655.000000	15.804814	4945	421947998208.000000
281474976710655.000000	15.448016	4946	421949014016.000000
281474976710655.000000	15.664567	4947	421950095360.000000
281474976710655.000000	15.561313	4948	421951078400.000000
281474976710655.000000	15.477324	4949	421952159744.000000
281474976710655.000000	15.875852	4950	421953175552.000000
281474976710655.000000	15.523026	4951	421954256896.000000
281474976710655.000000	15.886199	4952	421955272704.000000
281474976710655.000000	15.626587	4953	421956354048.000000
281474976710655.000000	15.344767	4954	421957369856.000000
281474976710655.000000	15.389748	4955	421958418432.000000
281474976710655.000000	15.819779	4956	421959434240.000000
281474976710655.000000	15.516781	4957	421960515584.000000
281474976710655.000000	15.755922	4958	421961531392.000000
281474976710655.000000	15.949659	4959	421962612736.000000
281474976710655.000000	15.682302	4960	421963628544.000000
281474976710655.000000	14.856684	4961	421964677120.000000
281474976710655.000000	15.394265	4962	421965692928.000000
281474976710655.000000	15.096955	4963	421966774272.000000
281474976710655.000000	15.200763	4964	421967790080.000000
281474976710655.000000	15.329958	4965	421968871424.000000
281474976710655.000000	15.123979	4966	421969887232.000000
281474976710655.000000	15.462123	4967	421970968576.000000
281474976710655.000000	15.111812	4968	421971951616.000000
281474976710655.000000	15.080059	4969	421973032960.000000
281474976710655.000000	15.652884	4970	421974048768.000000
281474976710655.000000	14.801217	4971	421975130112.000000
281474976710655.000000	15.141368	4972	421976145920.000000
281474976710655.000000	15.060356	4973	421977227264.000000
281474976710655.000000	15.141014	4974	421978243072.000000
281474976710655.000000	14.819907	4975	421979291648.000000
281474976710655.000000	15.161863	4976	421980307456.000000
281474976710655.000000	15.016802	4977	421981388800.000000
281474976710655.000000	14.785110	4978	421982404608.000000
281474976710655.000000	15.393558	4979	421983485952.000000
281474976710655.000000	14.662595	4980	421984501760.000000
281474976710655.000000	15.273020	4981	421985550336.000000
281474976710655.000000	15.141178	4982	421986566144.000000
281474976710655.000000	15.195366	4983	421987647488.000000
281474976710655.000000	15.427836	4984	421988663296.000000
281474976710655.000000	14.582773	4985	421989744640.000000
281474976710655.000000	14.733994	4986	421990760448.000000
281474976710655.000000	14.423459	4987	421991841792.000000
281474976710655.000000	14.801487	4988	421992824832.000000
281474976710655.000000	14.460370	4989	421993906176.000000
281474976710655.000000	15.031366	4990	421994921984.000000
281474976710655.000000	14.283648	4991	421996003328.000000
281474976710655.000000	14.839938	4992	421997019136.000000
281474976710655.000000	14.205160	4993	421998100480.000000
281474976710655.000000	15.085325	4994	421999083520.000000
281474976710655.000000	14.204583	4995	422000164864.000000
281474976710655.000000	14.725478	4996	422001180672.000000
281474976710655.000000	14.646964	4997	422002262016.000000
281474976710655.000000	14.356268	4998	422003277824.000000
281474976710655.000000	14.229177	4999	422004359168.000000
281474976710655.000000	14.680316	5000	422005374976.000000
281474976710655.000000	14.307162	5001	422006423552.000000
281474976710655.000000	14.312576	5002	422007439360.000000
281474976710655.000000	14.658188	5003	422008520704.000000
281474976710655.000000	14.456998	5004	422009536512.000000
281474976710655.000000	14.127959	5005	422010617856.000000
281474976710655.000000	14.368041	5006	422011633664.000000
281474976710655.000000	14.295989	5007	422012715008.000000
281474976710655.000000	14.600677	5008	422013698048.000000
281474976710655.000000	14.726653	5009	422014779392.000000
281474976710655.000000	14.510902	5010	422015795200.000000
281474976710655.000000	13.939919	5011	422016876544.000000
281474976710655.000000	15.054787	5012	422017892352.000000
281474976710655.000000	13.943920	5013	422018973696.000000
281474976710655.000000	14.739351	5014	422019956736.000000
281474976710655.000000	14.315676	5015	422021038080.000000
281474976710655.000000	14.390756	5016	422022053888.000000
281474976710655.000000	13.950571	5017	422023135232.000000
281474976710655.000000	14.282404	5018	422024151040.000000
281474976710655.000000	13.998238	5019	422025232384.000000
281474976710655.000000	14.214182	5020	422026248192.000000
281474976710655.000000	14.158361	5021	422027329536.000000
281474976710655.000000	14.074424	5022	422028312576.000000
281474976710655.000000	14.587221	5023	422029393920.000000
281474976710655.000000	13.911804	5024	422030409728.000000
281474976710655.000000	13.738485	5025	422031491072.000000
281474976710655.000000	14.330166	5026	422032506880.000000
