crossing time (s)	slope (V/s)	crossing number
281474976710655.000000	17.521746	1839	408262574080.000000
281474976710655.000000	16.184261	1840	408263622656.000000
281474976710655.000000	16.870098	1841	408264671232.000000
281474976710655.000000	16.377983	1842	408265687040.000000
281474976710655.000000	16.510096	1843	408266735616.000000
281474976710655.000000	16.598629	1844	408267784192.000000
281474976710655.000000	16.469025	1845	408268832768.000000
281474976710655.000000	16.768522	1846	408269881344.000000
281474976710655.000000	16.212774	1847	408270929920.000000
281474976710655.000000	15.150853	1848	408271978496.000000
281474976710655.000000	15.325181	1849	408272994304.000000
281474976710655.000000	16.419085	1850	408274042880.000000
281474976710655.000000	17.139153	1851	408275091456.000000
281474976710655.000000	16.136818	1852	408276140032.000000
281474976710655.000000	15.789907	1853	408277188608.000000
281474976710655.000000	16.266485	1854	408278237184.000000
281474976710655.000000	16.422045	1855	408279252992.000000
281474976710655.000000	15.727145	1856	408280301568.000000
281474976710655.000000	16.358727	1857	408281350144.000000
281474976710655.000000	16.021809	1858	408282398720.000000
281474976710655.000000	15.746821	1859	408283447296.000000
281474976710655.000000	16.250360	1860	408284495872.000000
281474976710655.000000	16.336309	1861	408285511680.000000
281474976710655.000000	15.344530	1862	408286593024.000000
281474976710655.000000	15.309551	1863	408287608832.000000
281474976710655.000000	15.962605	1864	408288657408.000000
281474976710655.000000	15.911208	1865	408289705984.000000
281474976710655.000000	16.138298	1866	408290754560.000000
281474976710655.000000	16.052094	1867	408291803136.000000
281474976710655.000000	16.129923	1868	408292851712.000000
281474976710655.000000	15.639793	1869	408293867520.000000
281474976710655.000000	15.975430	1870	408294916096.000000
281474976710655.000000	15.423386	1871	408295964672.000000
281474976710655.000000	16.521576	1872	408297013248.000000
281474976710655.000000	15.720890	1873	408298061824.000000
281474976710655.000000	15.423948	1874	408299110400.000000
281474976710655.000000	16.062517	1875	408300126208.000000
281474976710655.000000	15.800229	1876	408301174784.000000
281474976710655.000000	15.774610	1877	408302223360.000000
281474976710655.000000	15.747351	1878	408303271936.000000
281474976710655.000000	16.576300	1879	408304320512.000000
281474976710655.000000	15.626760	1880	408305369088.000000
281474976710655.000000	15.458287	1881	408306384896.000000
281474976710655.000000	16.031752	1882	408307466240.000000
281474976710655.000000	15.546619	1883	408308482048.000000
281474976710655.000000	15.378205	1884	408309530624.000000
281474976710655.000000	15.543684	1885	408310579200.000000
281474976710655.000000	15.533836	1886	408311627776.000000
281474976710655.000000	15.362853	1887	408312676352.000000
281474976710655.000000	15.526987	1888	408313724928.000000
281474976710655.000000	15.780553	1889	408314740736.000000
281474976710655.000000	15.892360	1890	408315789312.000000
281474976710655.000000	15.406161	1891	408316837888.000000
281474976710655.000000	15.713069	1892	408317886464.000000
281474976710655.000000	15.812362	1893	408318935040.000000
281474976710655.000000	14.923357	1894	408319983616.000000
281474976710655.000000	15.054361	1895	408320999424.000000
281474976710655.000000	15.173359	1896	408322080768.000000
281474976710655.000000	15.568062	1897	408323096576.000000
281474976710655.000000	15.034623	1898	408324145152.000000
281474976710655.000000	15.710892	1899	408325193728.000000
281474976710655.000000	15.374031	1900	408326242304.000000
281474976710655.000000	15.583546	1901	408327290880.000000
281474976710655.000000	15.368421	1902	408328339456.000000
281474976710655.000000	15.008720	1903	408329355264.000000
281474976710655.000000	15.052734	1904	408330403840.000000
281474976710655.000000	15.384045	1905	408331452416.000000
281474976710655.000000	14.940475	1906	408332500992.000000
281474976710655.000000	14.777568	1907	408333549568.000000
281474976710655.000000	14.863210	1908	408334598144.000000
281474976710655.000000	15.434138	1909	408335613952.000000
281474976710655.000000	14.898419	1910	408336662528.000000
281474976710655.000000	15.061688	1911	408337711104.000000
281474976710655.000000	15.257649	1912	408338759680.000000
281474976710655.000000	15.684853	1913	408339808256.000000
281474976710655.000000	14.661504	1914	408340856832.000000
281474976710655.000000	15.055538	1915	408341872640.000000
281474976710655.000000	14.875027	1916	408342921216.000000
281474976710655.000000	15.425350	1917	408343969792.000000
281474976710655.000000	14.550303	1918	408345018368.000000
281474976710655.000000	15.038833	1919	408346066944.000000
281474976710655.000000	14.446110	1920	408347115520.000000
281474976710655.000000	14.498980	1921	408348164096.000000
281474976710655.000000	14.929291	1922	408349212672.000000
281474976710655.000000	15.155502	1923	408350228480.000000
281474976710655.000000	14.403545	1924	408351277056.000000
281474976710655.000000	14.826861	1925	408352325632.000000
281474976710655.000000	14.758286	1926	408353374208.000000
281474976710655.000000	14.582595	1927	408354422784.000000
281474976710655.000000	14.906766	1928	408355471360.000000
281474976710655.000000	15.125720	1929	408356487168.000000
281474976710655.000000	14.517000	1930	408357535744.000000
281474976710655.000000	15.082814	1931	408358584320.000000
281474976710655.000000	14.615730	1932	408359632896.000000
281474976710655.000000	14.441177	1933	408360681472.000000
281474976710655.000000	14.712310	1934	408361730048.000000
281474976710655.000000	14.998774	1935	408362778624.000000
281474976710655.000000	14.456286	1936	408363794432.000000
281474976710655.000000	14.435333	1937	408364843008.000000
281474976710655.000000	13.951606	1938	408365891584.000000
281474976710655.000000	14.809829	1939	408366940160.000000
281474976710655.000000	14.062121	1940	408367988736.000000
281474976710655.000000	14.727639	1941	408369037312.000000
281474976710655.000000	14.773168	1942	408370085888.000000
281474976710655.000000	14.202764	1943	408371101696.000000
281474976710655.000000	14.102227	1944	408372150272.000000
281474976710655.000000	14.792072	1945	408373198848.000000
281474976710655.000000	14.838270	1946	408374247424.000000
281474976710655.000000	14.220389	1947	408375296000.000000
281474976710655.000000	14.166895	1948	408376344576.000000
281474976710655.000000	14.046045	1949	408377360384.000000
281474976710655.000000	14.095050	1950	408378408960.000000
281474976710655.000000	14.765973	1951	408379457536.000000
281474976710655.000000	13.823255	1952	408380506112.000000
281474976710655.000000	14.591676	1953	408381554688.000000
281474976710655.000000	13.871340	1954	408382603264.000000
281474976710655.000000	14.449303	1955	408383619072.000000
281474976710655.000000	14.199035	1956	408384700416.000000
281474976710655.000000	14.014844	1957	408385716224.000000
281474976710655.000000	14.306367	1958	408386764800.000000
281474976710655.000000	14.513147	1959	408387813376.000000
281474976710655.000000	13.741101	1960	408388861952.000000
281474976710655.000000	13.934164	1961	408389877760.000000
281474976710655.000000	14.257577	1962	408390959104.000000
281474976710655.000000	14.418777	1963	408391974912.000000
281474976710655.000000	13.816928	1964	408393023488.000000
281474976710655.000000	14.168333	1965	408394072064.000000
281474976710655.000000	14.051412	1966	408395120640.000000
281474976710655.000000	13.848924	1967	408396169216.000000
281474976710655.000000	14.223137	1968	408397217792.000000
